18
18
21
17
22
19
10
0
0
16
3
0
20
19
15
20
13
0
3
4
6
0
4
6
7
3
4
4
2
0
4
5
1
2
6
10
19
4
14
7
0
26
4
5
27
7
16
7
4
26
11
12
0
9
17
15
25
12
14
15
23
8
13
26
10
21
12
11
14
9
13
16
21
9
10
9
10
6
4
9
10
15
5
8
0
13
11
11
17
0
20
15
15
19
14
29
17
23
15
10
13
15
9
12
24
24
20
22
20
9
25
13
14
13
12
5
15
13
24
12
22
23
15
0
13
6
33
14
13
33
17
25
0
26
21
29
24
27
22
27
29
29
26
23
41
23
28
22
27
30
30
28
28
26
27
27
23
30
32
23
20
2
26
24
26
30
20
24
19
24
10
18
12
26
24
21
21
24
22
7
28
23
17
25
20
4
6
8
13
26
6
23
13
10
9
11
13
3
12
9
8
12
11
0
3
1
4
2
1
4
3
2
0
6
9
1
13
20
3
10
5
7
8
28
20
22
30
5
9
18
24
22
30
23
22
25
18
20
19
31
16
21
26
32
21
15
21
22
30
21
20
29
18
23
30
16
21
17
16
11
27
14
11
16
17
20
26
16
7
0
0
5
12
11
26
13
23
15
20
29
28
29
25
25
30
18
16
19
22
22
23
19
22
32
27
31
22
24
25
24
22
24
24
22
20
22
27
16
25
26
26
23
19
17
32
16
10
19
22
16
22
16
7
16
7
35
12
16
30
19
27
17
25
0
24
25
27
28
30
1
35
26
32
36
32
28
0
30
16
11
15
6
15
13
14
13
12
15
12
14
11
12
14
13
9
12
29
18
9
15
14
22
16
21
24
15
13
13
19
18
17
23
10
32
23
23
29
23
17
21
19
32
27
15
12
12
24
24
18
23
24
15
34
2
14
10
15
16
8
28
20
13
39
12
5
18
9
17
3
21
19
20
15
23
14
15
22
25
18
21
17
23
27
14
22
13
24
15
21
20
0
14
14
3
27
0
0
16
6
7
0
0
12
5
11